100
28 41 7
56 16 5
46 0 8
1 18 7
32 56 3
19 7 3
57 27 9
48 28 6
3 45 2
46 41 9
17 18 5
4 58 6
17 14 4
40 57 3
50 17 2
5 48 10
6 41 5
3 37 4
5 31 8
48 58 8
51 48 4
10 24 6
8 50 1
2 54 8
32 7 2
3 5 5
5 16 10
5 34 4
23 56 1
55 23 6
36 59 2
11 59 3
17 32 7
26 8 5
38 55 5
50 24 1
37 18 5
53 46 10
16 3 5
27 13 6
58 32 10
48 31 10
40 53 3
59 21 10
32 13 10
26 13 2
44 15 6
25 14 4
50 11 3
55 30 9
14 13 7
8 26 9
56 44 3
20 50 5
25 31 8
21 40 10
41 51 10
29 10 6
44 24 1
3 13 10
43 34 9
59 37 7
40 1 10
50 20 6
1 9 2
21 55 9
37 33 8
25 30 9
46 5 5
28 40 1
42 20 4
25 19 2
4 19 3
57 24 10
44 22 4
35 4 8
53 44 3
27 32 9
14 4 2
53 32 10
29 11 7
43 16 9
55 2 3
35 57 1
12 35 1
32 14 6
37 36 4
8 44 7
29 55 7
52 58 10
28 13 4
49 51 4
41 45 9
57 43 4
45 4 10
37 15 1
10 43 5
56 15 2
52 28 6
21 13 10
