1000
368 214 1
148 532 7
144 262 3
11 209 2
154 78 8
438 369 5
419 227 8
306 393 2
441 102 4
169 471 5
250 476 8
73 575 5
372 560 1
323 99 1
525 312 6
133 225 3
422 270 7
411 534 7
506 437 7
448 127 10
23 378 4
12 473 1
23 227 4
574 355 2
373 197 2
556 2 10
328 383 10
321 414 3
280 269 10
386 314 8
437 22 8
196 223 8
451 143 2
43 262 7
566 9 6
567 104 7
90 123 5
467 545 8
58 239 5
262 125 10
34 433 8
452 133 8
131 418 1
262 9 3
383 329 2
197 485 3
177 254 8
487 93 8
149 92 1
166 488 1
455 194 8
232 216 10
129 26 3
98 355 2
429 308 8
31 101 9
164 39 10
29 524 4
296 249 3
312 49 3
47 24 8
561 288 5
67 467 5
351 554 9
216 423 5
429 165 4
418 1 2
433 458 7
375 449 10
552 209 10
185 140 5
209 93 2
378 478 10
192 416 1
218 140 2
48 526 10
357 406 1
356 4 6
322 220 10
483 251 6
501 227 6
186 458 10
308 201 10
511 237 9
47 139 10
379 566 6
478 280 7
193 213 8
361 119 4
392 586 1
331 443 2
79 559 8
189 52 8
298 389 5
86 494 3
239 79 1
508 467 2
277 487 10
426 52 6
184 595 8
317 69 8
287 162 5
490 363 9
276 50 2
510 328 1
62 387 3
10 454 6
406 410 9
169 72 6
257 351 4
60 502 9
395 59 1
219 23 3
468 45 7
90 385 9
538 67 6
43 374 8
424 546 2
76 559 2
214 12 4
158 253 1
533 312 6
587 381 7
378 542 7
7 45 10
534 355 2
196 77 3
575 313 1
119 472 9
411 11 9
34 113 1
370 252 9
473 214 7
590 269 6
262 551 7
562 249 2
291 529 10
440 149 4
402 165 10
545 162 9
181 66 7
561 109 10
341 548 2
146 311 4
568 207 8
586 3 6
213 125 3
282 95 4
89 294 1
109 195 5
101 221 9
242 193 7
432 466 4
297 420 8
101 443 3
196 29 3
43 474 2
237 551 6
324 151 9
289 106 2
409 306 10
35 169 5
281 303 9
134 580 10
343 492 8
187 164 1
291 18 1
59 480 6
385 21 5
452 576 10
452 24 6
85 333 8
4 7 1
596 140 9
71 353 8
200 72 1
201 79 4
170 367 6
408 420 9
454 381 2
6 563 3
120 123 8
400 126 6
584 538 1
368 428 10
539 231 8
540 169 8
583 389 2
544 170 2
24 406 6
329 194 7
107 123 3
472 343 7
197 469 1
133 309 9
19 211 4
578 119 10
262 449 10
75 316 4
516 262 7
464 88 7
210 103 8
271 133 8
207 329 3
377 143 9
503 127 2
166 526 2
278 263 5
115 76 5
221 88 3
378 497 3
89 327 5
426 345 4
498 377 6
320 495 3
422 542 10
540 8 2
317 187 9
566 135 10
370 30 3
86 337 1
178 5 4
587 276 9
106 83 1
84 124 2
450 293 5
139 336 4
121 209 6
351 354 2
189 273 5
233 29 6
415 524 5
199 280 5
529 398 9
214 327 7
401 578 10
36 527 5
163 343 7
431 318 8
506 565 4
34 253 10
527 437 10
362 403 4
150 277 1
566 258 1
405 316 2
137 99 4
548 244 4
319 506 6
56 277 4
166 457 3
162 174 9
6 247 8
517 216 7
548 555 4
448 202 7
128 60 7
395 127 6
428 183 8
401 531 4
18 363 1
381 152 9
1 546 8
573 502 2
436 486 10
66 527 2
353 335 8
264 231 8
445 475 3
465 503 6
495 477 3
223 211 9
580 567 2
217 456 10
151 138 10
445 398 7
236 526 6
521 228 5
225 44 1
293 195 2
129 321 2
166 218 7
375 491 9
46 396 10
391 296 5
220 528 10
310 198 5
115 15 1
169 227 4
545 481 7
577 20 2
404 140 10
102 441 1
304 286 3
453 249 6
273 71 1
506 416 4
256 283 7
69 118 8
32 319 7
245 383 3
302 344 10
482 436 2
476 479 4
172 574 3
396 345 8
390 95 4
269 105 8
206 321 2
302 183 4
550 439 1
56 116 5
301 277 7
204 172 7
218 371 7
141 154 8
502 430 9
58 258 8
107 305 6
22 129 8
159 19 10
185 545 5
12 122 3
66 277 9
389 464 2
478 453 8
332 510 6
346 522 3
383 443 4
64 62 9
583 130 4
401 254 3
441 576 4
385 478 7
381 549 6
336 584 1
44 103 10
194 351 2
565 546 6
212 413 4
356 46 6
344 241 8
250 520 5
74 438 7
47 291 7
203 507 3
267 129 10
197 242 4
572 206 4
40 67 3
128 80 2
484 474 4
549 30 4
116 213 7
518 511 3
589 253 2
184 305 6
238 342 3
526 150 4
550 334 2
453 71 1
564 312 1
551 582 4
276 54 1
412 402 4
77 279 9
193 246 4
336 15 10
208 105 10
240 177 7
368 260 5
383 75 10
28 480 9
359 416 8
495 150 5
49 282 3
185 281 2
585 64 2
286 168 10
298 575 3
69 261 1
529 465 10
539 314 8
343 430 2
120 429 6
134 245 10
197 536 3
405 265 4
459 573 1
194 27 8
582 85 7
319 31 1
223 307 9
352 362 6
92 242 1
518 154 2
217 30 7
367 439 2
136 499 2
66 96 4
474 451 9
90 486 3
576 159 5
590 539 7
518 349 7
20 412 1
459 38 10
350 260 10
132 199 4
374 297 5
345 115 6
250 20 8
103 494 3
35 251 1
461 280 9
119 100 3
297 78 8
15 590 2
226 511 5
322 254 5
223 145 1
1 263 8
498 284 1
45 43 1
85 593 6
101 12 2
244 533 9
210 239 1
126 110 3
580 363 6
229 228 2
433 6 8
222 461 3
553 215 5
251 249 7
252 571 10
222 67 2
489 103 8
479 23 5
404 82 10
204 194 1
454 245 2
204 90 6
523 467 2
381 68 2
384 184 2
72 309 9
201 599 7
279 57 8
310 373 1
273 318 2
385 108 8
420 102 1
134 11 4
469 381 10
544 468 6
19 466 8
550 170 10
43 203 8
22 292 3
572 440 2
172 425 9
294 249 6
353 80 1
281 562 4
74 193 1
80 383 1
100 436 6
288 578 9
597 463 9
497 302 10
481 329 10
364 157 9
485 252 2
389 322 1
516 116 3
316 451 10
58 185 6
342 393 1
56 499 4
1 315 4
548 328 1
184 315 2
512 338 9
184 253 7
458 26 10
566 101 10
238 171 9
459 89 1
9 580 4
169 318 3
476 168 9
494 508 5
258 448 8
21 114 6
210 226 10
120 79 6
290 113 2
576 169 1
532 595 9
579 28 9
50 156 5
412 594 8
365 567 1
188 136 3
87 339 7
479 307 9
370 139 3
249 489 6
98 577 8
280 554 4
526 475 5
368 149 3
205 482 8
418 289 10
582 378 9
454 245 5
439 236 9
375 536 8
373 455 7
313 588 3
40 409 4
308 426 3
46 354 7
483 589 5
142 235 7
301 83 1
208 525 2
393 78 5
394 481 9
266 253 7
522 22 1
354 281 4
424 293 6
359 406 4
397 125 7
369 542 5
554 263 5
136 51 5
401 191 3
491 44 4
44 219 2
562 548 8
106 276 10
241 236 9
551 495 6
538 454 1
323 225 7
151 525 7
469 574 8
404 140 3
368 407 2
392 245 9
193 528 1
474 0 5
134 396 6
267 146 7
10 443 9
505 12 7
561 480 10
339 214 4
75 231 9
517 69 7
390 290 1
393 177 5
199 375 3
426 522 1
81 463 1
180 558 9
410 37 3
556 208 5
212 539 8
83 177 6
279 272 5
502 65 2
212 56 3
415 65 10
115 492 4
493 593 2
397 50 5
98 599 9
397 46 6
150 417 6
401 174 7
156 367 1
286 453 2
333 107 5
219 358 5
17 249 9
115 255 10
36 175 10
575 48 3
201 171 2
287 88 3
367 399 8
34 112 9
15 177 1
95 104 9
500 320 10
582 594 1
416 446 7
162 9 3
327 417 3
378 86 3
11 149 1
365 248 8
421 258 2
300 509 8
107 93 3
265 322 5
405 414 5
270 141 7
65 120 8
204 570 4
302 303 8
8 590 5
190 100 3
40 408 7
140 24 5
194 390 1
199 407 5
203 40 10
358 149 1
505 543 9
165 550 5
155 20 3
161 468 7
404 145 7
387 7 5
168 130 2
293 342 2
210 21 3
262 170 4
374 271 9
597 366 4
581 497 7
414 500 4
512 318 6
337 244 10
109 407 2
482 512 9
262 576 2
290 302 6
159 176 1
396 153 9
452 528 5
159 286 3
554 139 1
0 217 1
64 257 6
386 214 4
422 64 3
29 440 5
32 329 6
579 89 4
8 167 8
169 460 8
439 270 2
213 142 3
538 30 7
336 244 1
544 339 9
422 97 4
67 34 1
439 190 1
444 529 8
332 308 3
161 362 8
435 128 8
33 269 6
348 337 6
40 405 9
344 320 6
289 106 3
186 33 4
63 400 9
52 61 9
142 299 7
341 116 7
514 367 2
537 170 10
24 499 6
375 64 9
101 147 9
85 561 3
566 568 9
254 561 9
371 449 10
438 256 4
483 354 1
518 47 7
543 152 6
14 475 8
421 143 4
332 9 8
71 165 4
15 459 2
542 229 7
5 504 6
237 114 1
360 66 8
544 200 10
310 454 7
3 407 8
247 397 2
288 215 1
555 123 6
449 238 1
160 145 3
518 456 5
233 89 1
357 441 3
122 441 5
409 247 10
527 563 6
71 518 7
152 510 7
584 594 9
450 21 6
356 154 3
148 430 10
295 83 2
4 310 8
486 427 1
100 540 10
507 480 7
133 161 4
44 343 4
294 295 1
488 321 2
44 554 7
450 295 3
214 48 1
267 348 1
31 155 2
62 168 4
544 327 4
566 351 6
353 432 7
538 150 4
412 98 4
225 187 7
513 356 9
71 87 1
419 386 1
588 257 8
148 323 4
109 485 3
402 331 5
366 44 10
390 160 9
102 303 2
420 519 8
103 62 5
179 59 9
220 226 3
11 186 1
399 88 8
415 308 2
140 108 8
167 382 1
457 583 5
421 235 4
218 441 8
245 75 2
101 479 2
555 338 9
441 449 8
37 340 10
175 444 7
44 264 1
189 76 9
594 377 10
584 543 3
74 415 6
182 129 3
282 506 1
74 537 6
195 530 4
36 155 6
534 95 8
93 498 10
219 432 5
534 411 6
16 515 1
408 146 3
448 97 7
74 488 6
440 320 5
43 304 2
581 113 6
395 65 1
472 279 10
272 587 9
45 569 10
220 267 7
464 191 4
475 581 3
300 292 7
18 485 9
37 329 1
91 240 6
474 391 1
311 395 2
593 387 6
189 178 8
9 350 2
506 486 10
134 267 3
115 577 7
551 565 10
242 200 3
71 377 6
337 202 7
459 26 1
467 319 7
58 251 8
233 248 7
121 427 1
494 497 4
440 496 10
258 36 10
252 246 6
78 486 10
432 264 4
179 1 1
414 183 5
557 135 5
272 302 2
1 56 9
308 52 6
13 372 1
154 564 5
381 575 1
25 416 2
154 391 10
267 299 9
131 74 4
366 190 2
258 335 3
489 143 9
52 294 5
21 210 4
517 58 4
381 2 9
208 478 9
495 262 6
404 146 8
427 451 10
475 186 8
464 406 4
281 449 9
49 594 7
520 288 6
339 79 10
529 570 1
297 167 2
64 488 2
273 49 5
210 402 3
276 322 5
355 392 8
499 287 7
344 229 2
72 525 10
464 112 1
244 210 6
157 537 8
60 111 5
10 169 9
64 189 2
9 493 3
561 251 3
399 50 3
237 139 6
49 135 6
89 73 6
239 17 3
201 232 9
381 519 4
234 430 8
79 201 9
424 520 4
522 71 7
436 192 1
566 548 8
552 541 7
20 481 4
35 243 8
42 185 3
270 262 5
270 573 2
125 589 10
427 466 10
516 3 1
538 303 8
524 82 3
318 427 2
361 115 10
420 591 4
218 187 3
239 107 1
304 53 5
353 516 8
213 578 9
202 385 2
307 485 10
283 394 1
241 272 4
36 279 1
214 405 6
26 264 8
66 293 2
384 139 8
223 124 6
449 304 9
359 544 1
525 129 2
532 201 3
376 444 10
587 511 1
14 314 9
542 124 3
83 356 9
386 210 5
224 174 3
468 267 1
431 341 10
203 297 6
98 258 5
300 65 9
471 500 7
484 268 9
530 484 3
247 73 3
155 237 1
234 204 6
84 533 2
591 325 1
311 54 9
257 207 1
333 332 2
593 391 9
457 518 9
43 594 7
221 525 3
139 568 5
335 294 2
123 22 7
309 228 6
36 173 2
541 481 7
543 241 7
36 111 10
535 371 10
182 221 6
100 349 10
266 238 2
264 449 5
142 578 1
598 501 4
336 515 10
195 241 2
37 63 7
434 199 4
182 589 9
500 121 7
339 196 3
150 247 4
23 133 1
155 17 4
247 445 4
56 22 10
116 263 6
246 354 4
551 378 2
123 512 5
195 308 9
137 494 7
266 333 3
523 185 5
419 258 1
132 298 2
407 343 8
292 289 3
223 47 6
219 199 8
241 420 4
221 162 8
446 475 4
408 177 9
410 115 2
32 48 7
520 69 9
314 217 3
22 1 7
64 179 3
38 14 3
202 15 4
383 210 9
