62 90 4
47 97 3
42 102 4
30 85 8
26 21 9
12 18 5
31 34 8
121 115 5
15 35 3
52 1 5
82 60 10
68 49 7
62 67 9
86 40 6
65 68 10
48 119 6
103 73 9
52 66 9
113 110 7
112 27 1
4 66 7
23 72 7
84 120 7
78 60 5
103 111 3
52 56 2
65 90 4
11 99 7
1 89 10
39 72 8
67 116 1
42 120 10
49 81 6
56 12 7
61 4 1
116 42 6
120 95 7
15 44 6
2 88 5
13 27 10
20 105 2
71 77 10
16 122 1
3 35 8
124 36 8
39 94 4
40 124 2
24 108 3
88 90 3
56 17 7
30 83 2
120 55 6
90 44 2
56 23 2
14 72 10
55 18 1
100 79 7
120 29 1
1 109 5
47 37 3
52 21 3
77 40 2
107 88 5
84 11 2
59 63 3
75 52 5
27 47 8
118 64 9
46 111 1
108 40 8
110 95 2
21 86 1
103 37 6
63 80 8
61 99 1
3 63 3
119 94 6
18 59 7
14 84 9
85 36 1
41 103 6
72 0 2
78 92 2
92 78 4
98 90 4
25 49 4
83 122 7
123 104 9
49 72 8
18 65 2
121 4 6
45 123 1
109 11 9
119 116 7
31 98 3
81 105 5
88 17 6
103 100 4
74 52 3
83 53 6
113 11 3
41 42 9
88 103 7
31 63 8
40 7 1
16 57 10
82 96 6
94 21 8
4 71 5
8 99 6
5 91 9
86 119 1
93 63 8
63 106 5
19 98 9
45 18 4
10 63 10
44 77 7
7 5 3
4 74 7
59 0 9
87 6 6
90 9 7
107 30 2
17 13 1
34 10 7
58 25 1
56 12 5
29 79 5
22 54 4
60 14 9
107 38 2
110 112 1
120 105 2
76 44 7
55 4 4
87 99 9
50 59 9
124 93 1
53 14 4
30 68 7
115 38 6
62 58 10
84 124 6
71 109 10
66 62 7
49 75 6
30 90 4
5 65 2
50 57 4
99 47 4
103 57 2
88 47 3
121 3 3
36 20 2
0 118 7
66 69 2
86 116 9
77 13 5
20 110 6
13 105 6
12 10 4
81 107 4
13 76 6
17 40 8
15 93 5
42 117 5
101 0 2
49 80 5
122 40 3
70 38 8
51 115 6
18 30 4
61 111 1
36 21 3
99 106 10
19 118 10
61 34 7
16 25 1
27 34 5
25 10 5
95 54 4
35 96 6
112 56 3
20 49 8
75 13 1
42 108 3
96 97 8
23 37 2
54 37 4
107 34 7
80 3 4
20 27 7
54 99 8
79 3 7
69 62 5
6 109 7
0 58 4
69 95 2
71 48 6
27 52 3
60 106 1
63 75 7
82 116 3
22 91 4
109 70 2
9 39 9
61 46 4
81 14 8
59 96 3
16 63 10
8 71 2
112 103 7
28 72 8
87 58 7
119 117 4
98 38 10
120 58 9
15 7 10
67 104 8
122 98 7
17 15 2
59 8 6
121 55 8
12 11 2
100 50 9
24 59 4
48 52 8
122 70 1
121 32 6
46 60 6
59 74 2
120 69 7
99 26 7
26 80 5
22 5 10
15 92 2
45 69 10
5 25 9
88 120 2
63 17 10
62 5 1
38 16 4
2 18 6
47 75 8
43 42 1
25 109 1
80 17 10
39 6 7
75 2 8
120 35 9
88 33 6
56 76 5
85 27 3
123 32 2
105 20 1
84 75 5
66 47 10
50 55 2
121 77 2
62 92 1
100 109 5
112 41 9
106 18 5
124 28 6
69 114 8
1 72 10
120 112 7
51 16 1
30 91 1
101 11 9
40 68 10
39 20 4
83 51 6
93 89 1
16 122 4
16 57 1
56 6 4
58 82 10
80 90 10
94 85 2
23 61 2
9 79 4
98 122 9
98 65 7
96 74 3
31 60 8
87 32 1
98 90 8
113 98 9
9 107 2
73 34 3
106 93 2
120 8 7
102 82 1
38 75 1
76 12 5
83 9 8
120 56 1
36 3 4
103 120 4
99 97 9
123 103 9
62 107 4
105 43 10
98 59 4
20 9 5
58 117 10
124 111 4
42 102 4
47 119 6
14 122 2
82 18 10
38 81 5
98 101 7
49 52 2
72 42 1
123 68 2
116 28 8
37 36 10
48 87 1
63 12 7
95 55 8
111 107 10
72 114 2
87 34 4
3 15 5
106 94 8
94 63 6
104 91 5
47 117 2
15 79 1
41 74 10
37 87 5
74 86 8
111 86 10
9 59 1
82 26 10
49 121 6
50 114 10
55 102 3
87 117 7
120 77 10
85 11 1
96 7 3
89 85 6
12 87 1
31 85 9
40 17 3
41 116 9
34 53 6
107 70 8
72 9 4
76 52 10
17 71 9
66 117 5
77 122 5
73 112 2
103 23 1
101 120 1
61 56 10
114 53 1
122 96 10
68 45 5
42 31 2
71 101 3
92 45 5
52 48 7
35 1 9
73 98 5
60 23 3
119 84 10
27 105 1
21 87 8
39 64 2
49 55 7
40 111 10
30 93 1
37 16 10
104 122 7
108 27 9
55 111 7
4 117 7
93 3 5
108 105 9
81 42 8
98 61 1
78 64 3
57 121 4
13 45 9
9 85 9
112 0 2
70 59 9
25 70 4
36 58 2
90 79 9
35 1 1
26 48 9
21 109 7
1 7 1
78 70 7
107 77 6
26 76 2
89 65 3
67 47 6
64 16 4
42 76 4
36 30 2
115 33 3
6 34 3
11 85 6
118 87 5
104 48 7
50 7 2
108 119 3
54 73 4
118 8 6
35 4 6
86 105 2
37 99 8
61 4 8
27 2 8
73 28 10
40 18 5
82 18 2
4 117 5
121 67 6
71 70 2
124 122 6
102 85 4
2 14 5
97 9 9
9 87 2
123 13 8
95 88 3
50 80 7
105 104 4
44 123 3
58 62 2
84 116 7
98 33 3
88 3 5
20 26 2
2 113 7
3 33 10
36 70 9
58 92 8
97 41 6
86 85 2
19 68 6
123 122 2
106 4 9
67 83 9
11 70 7
79 24 1
119 23 2
67 68 3
75 35 9
52 40 6
88 115 2
21 57 8
4 57 2
76 18 1
79 44 10
108 58 7
1 54 6
85 110 7
73 92 5
39 18 4
90 20 6
87 40 9
46 47 5
105 76 9
115 116 10
58 116 6
47 122 5
24 81 9
70 52 10
77 122 6
43 75 4
29 33 7
0 1 3
119 14 5
5 123 4
15 33 7
112 105 9
2 0 6
95 50 7
37 2 6
97 4 6
60 50 8
57 61 3
14 62 9
22 101 2
104 67 6
94 81 1
16 28 3
10 84 3
96 68 10
48 96 7
