5000
84 592 2
563 605 3
27 199 10
207 366 1
930 326 9
604 829 4
310 871 8
172 853 8
1189 1019 6
1045 1059 6
210 800 7
1193 445 8
1173 866 6
158 460 7
173 318 10
224 1071 1
929 988 3
1186 244 9
167 856 3
103 1192 5
987 722 7
10 791 1
432 1027 10
456 222 5
928 769 5
866 745 10
967 407 7
359 241 8
1164 570 1
816 897 8
505 897 9
1121 923 7
277 653 6
114 226 7
24 865 7
1061 270 10
829 883 1
519 488 9
1014 313 10
442 556 7
254 386 9
547 235 9
786 789 9
602 475 4
1041 69 4
136 269 3
331 364 3
1073 315 3
479 614 7
1076 166 3
347 407 4
959 882 10
217 798 8
1059 632 1
347 222 8
584 824 5
1139 962 2
841 278 2
193 29 6
273 265 3
39 1028 10
820 1136 2
794 1042 6
159 247 6
782 197 9
792 412 9
1087 203 1
351 1098 1
16 721 3
1093 950 2
1053 740 7
568 792 5
852 995 1
1043 869 6
620 343 10
396 84 8
126 580 5
783 1046 2
165 178 5
1165 878 6
882 960 1
907 982 1
1086 717 5
351 1073 1
1087 65 10
899 1104 6
556 1196 3
968 201 6
1125 1097 5
873 52 5
131 561 10
304 546 3
1034 528 6
207 856 9
403 732 5
910 749 2
967 416 6
667 323 1
995 787 10
957 53 8
565 39 7
401 126 9
73 22 7
63 356 1
738 634 8
874 260 6
697 953 1
1029 1031 8
329 711 6
312 108 6
795 340 3
92 225 2
684 994 7
1183 495 1
365 721 2
526 821 2
847 549 2
663 1169 1
572 690 4
919 676 8
496 50 10
857 1181 9
51 181 5
191 1151 5
849 402 6
1117 1178 5
290 300 7
265 354 5
87 750 10
1171 650 8
740 265 5
683 783 8
374 189 6
177 36 8
736 465 1
611 372 4
353 788 6
508 657 10
90 374 1
440 282 10
781 1107 2
376 1004 8
1108 125 9
1184 264 4
1 381 6
446 379 7
258 803 4
826 42 2
550 76 9
422 962 2
599 1113 7
633 947 4
864 80 4
494 117 3
57 251 5
1199 186 7
585 8 5
379 466 2
279 668 9
575 921 3
290 572 3
343 879 6
441 51 10
104 841 6
342 535 8
697 983 9
814 810 9
738 903 4
607 1162 5
1162 808 3
668 709 3
632 836 2
433 92 10
67 371 9
812 835 7
175 779 2
951 125 8
1078 970 10
787 962 8
558 1025 6
408 524 2
580 535 7
813 213 4
134 584 9
272 281 5
951 551 6
2 534 7
316 323 3
546 776 10
981 996 2
196 1186 6
922 50 10
865 662 6
963 108 3
1151 433 8
403 137 8
892 412 10
923 425 10
661 372 10
214 652 1
862 174 8
1158 889 10
190 533 2
640 893 3
1184 966 2
1158 52 7
243 439 10
1162 1035 5
1056 157 5
922 428 9
69 368 4
276 1063 10
781 939 8
761 1040 2
916 267 8
1090 371 5
20 27 3
898 876 1
525 231 6
1089 1174 2
1011 897 4
49 432 8
306 45 2
509 20 9
924 1198 9
1033 587 2
433 191 2
1146 14 6
518 142 7
1090 690 5
459 910 9
792 1050 3
709 150 5
257 669 9
1174 577 5
251 952 9
70 218 9
517 400 8
1174 193 5
435 585 8
559 855 5
706 926 9
287 524 8
512 265 4
1027 1166 10
182 695 1
1052 240 9
940 561 2
842 1072 3
1108 629 1
1183 629 1
378 126 2
1059 601 5
525 1043 9
660 519 4
634 1039 10
1014 145 3
280 561 4
107 611 6
697 923 5
636 1002 7
405 772 1
843 604 1
92 306 9
222 888 9
316 1070 5
815 997 5
501 921 3
274 930 10
371 302 2
1056 65 8
800 935 6
1194 404 8
1189 74 3
260 623 1
685 75 5
737 543 4
738 257 9
954 1057 1
690 1033 1
139 1140 8
871 289 8
828 285 7
1092 552 6
234 746 10
1078 723 6
129 703 7
626 396 3
223 697 4
728 923 6
419 213 2
478 134 4
761 473 6
569 133 5
269 1156 5
1118 1067 7
794 533 10
1164 1063 4
708 463 8
1082 50 7
1167 512 8
441 773 7
433 187 7
1172 1083 9
726 322 5
43 1149 7
1044 1193 3
126 902 5
355 559 8
787 1014 10
530 493 7
305 665 8
182 928 8
113 199 8
901 1153 3
738 819 6
531 41 7
981 71 4
155 306 9
987 109 3
1161 598 4
7 744 9
492 487 1
16 52 7
436 479 7
889 141 2
1133 627 1
808 769 1
836 771 3
1103 715 7
736 581 6
297 595 9
644 9 2
708 1166 3
696 860 6
1147 676 7
619 437 7
1113 1151 5
329 142 4
407 386 1
300 100 3
33 451 2
627 577 2
570 414 6
640 229 9
872 132 2
535 761 8
65 434 9
1072 805 10
111 444 10
775 700 6
1145 784 9
1108 841 5
463 687 9
1100 187 5
127 1067 6
953 560 2
115 920 3
898 472 2
418 538 7
445 648 9
199 755 3
363 569 1
760 944 2
591 351 8
577 1196 10
653 189 9
841 839 10
655 1092 10
753 945 10
258 606 10
784 859 4
334 58 8
29 558 8
1030 1004 2
306 294 7
145 638 7
1157 723 1
119 161 3
469 761 2
841 217 7
1165 1055 1
8 11 6
646 1118 10
286 337 8
696 55 4
998 634 7
799 574 9
160 242 3
298 280 7
286 622 10
948 561 3
577 22 1
1073 1089 5
271 890 5
851 515 5
686 376 3
1027 716 5
412 1106 8
1063 658 2
187 1095 4
517 694 1
644 99 9
226 612 9
954 883 6
384 464 2
865 1038 2
350 912 3
40 189 7
44 888 3
48 218 2
862 906 5
264 258 3
455 700 8
273 851 2
574 162 1
730 870 3
223 898 6
811 598 8
1083 306 5
550 919 7
1058 221 1
136 6 9
1120 147 1
192 1131 2
454 52 3
145 154 5
496 691 5
1000 142 10
643 244 4
427 927 6
283 523 1
400 518 4
197 1121 3
729 927 8
577 1186 7
821 480 6
78 804 6
205 308 9
82 919 1
566 949 9
1191 461 8
381 741 7
62 149 8
382 313 4
1051 127 10
10 796 4
201 84 8
801 996 1
160 124 6
1185 976 9
406 254 2
60 997 2
267 916 9
714 1190 4
225 228 6
28 511 5
841 468 5
677 383 6
1106 4 3
144 714 4
1157 676 2
282 383 7
1040 1086 6
65 36 7
135 1140 1
1085 663 4
121 768 10
670 154 9
823 127 2
1192 679 2
744 624 4
203 985 9
368 626 6
388 95 1
727 177 1
572 171 2
230 1178 6
912 242 2
424 977 10
542 1152 10
362 1161 10
636 337 10
146 424 7
998 307 3
0 685 9
953 787 5
602 772 10
537 28 9
25 519 6
268 1001 8
569 451 8
626 1123 5
444 219 7
71 309 4
740 712 4
813 805 7
1009 518 8
249 624 10
304 848 10
385 457 10
109 407 4
567 911 9
578 1119 7
320 910 2
805 648 8
117 172 2
348 1022 5
958 523 3
1141 86 4
712 124 5
297 552 8
489 807 2
617 514 9
848 906 3
899 268 1
1065 349 4
824 717 8
1096 1195 10
1075 593 5
723 718 5
898 1172 8
372 35 2
244 910 10
279 1158 6
112 1003 9
812 407 8
586 56 6
201 142 6
1089 979 5
931 712 8
216 1111 6
342 1160 4
667 769 6
676 858 1
312 659 5
282 165 3
96 1137 10
8 881 9
1053 223 5
367 333 6
1000 1153 6
1146 840 4
667 622 6
538 916 6
464 1168 8
900 1112 7
1125 626 9
218 347 5
386 1190 1
386 277 1
1083 411 9
528 94 2
616 499 8
806 490 1
792 532 1
433 843 2
1109 209 4
1025 435 9
656 7 4
1100 202 4
838 194 3
733 1135 9
881 7 4
72 1163 1
806 1156 8
722 434 10
419 144 9
55 297 7
92 134 6
67 148 7
1091 336 1
1126 734 1
733 543 5
717 58 7
675 652 5
668 75 1
274 1063 3
516 383 3
1076 391 10
660 297 7
463 440 5
906 698 1
467 251 7
739 1133 6
1106 644 7
553 1123 7
651 446 3
1099 256 8
50 508 7
80 275 8
766 645 9
141 1154 2
890 445 7
704 991 4
73 1025 7
798 619 3
833 113 3
566 855 4
637 62 3
353 797 3
960 18 3
1100 1127 2
788 963 3
285 898 8
1166 184 8
121 696 1
1158 512 6
1031 1135 6
716 728 10
257 879 6
667 438 5
1019 375 2
1109 913 6
288 1159 7
854 809 3
912 356 7
346 922 2
824 488 1
593 89 7
214 1134 3
411 181 7
658 1018 6
852 410 4
626 793 5
659 348 10
817 428 6
528 692 9
664 1028 6
725 136 2
319 1095 10
435 909 2
714 241 6
112 879 2
304 1 2
953 517 8
637 612 1
123 110 10
299 1100 6
65 214 1
617 1044 3
405 639 7
189 1131 3
166 554 5
67 284 9
231 434 4
559 350 4
1069 608 7
633 786 5
354 738 8
581 1133 5
928 410 6
1111 229 9
1195 548 10
474 711 2
738 558 5
648 182 3
387 951 4
99 11 1
801 694 10
326 332 4
970 1057 3
818 270 8
704 47 6
123 407 8
982 27 2
1188 84 7
510 1170 2
76 1073 7
1179 461 6
876 1146 7
904 42 9
215 437 10
814 640 2
342 305 9
37 555 6
81 119 8
741 278 4
1115 213 5
543 682 4
225 65 1
307 1028 1
712 356 5
738 767 10
523 333 9
1087 427 9
915 616 9
97 538 7
1092 988 3
938 674 5
1126 951 10
1091 200 7
153 33 10
1045 451 4
1062 1036 9
896 825 7
68 775 8
1060 233 10
66 117 8
555 746 3
989 628 8
952 573 7
236 952 8
297 555 3
1146 704 8
39 759 6
485 384 6
1121 789 4
1199 290 2
95 724 2
487 133 6
774 197 2
507 925 5
364 835 9
129 1150 6
562 748 4
424 72 7
822 1012 9
715 877 3
1195 699 4
639 130 4
647 586 7
743 375 10
809 329 2
196 177 1
1143 991 4
659 684 6
943 496 8
1044 35 2
60 111 4
1007 842 10
229 868 8
779 790 5
562 816 4
786 1030 2
209 73 9
836 1130 5
1159 855 5
137 37 9
474 330 10
771 244 7
861 2 7
1177 956 7
462 289 3
1095 895 10
138 803 4
76 53 7
796 70 8
1088 598 5
1161 47 3
591 1053 5
696 865 7
938 541 10
460 1164 6
122 48 6
869 627 8
928 237 10
850 363 3
1020 188 4
330 1130 4
1024 1026 3
381 668 7
187 373 4
378 809 6
560 928 2
1101 950 9
221 1099 1
158 666 7
1148 41 10
1188 804 5
200 350 5
901 725 8
85 549 5
1009 192 5
1156 594 5
37 183 5
765 281 8
282 535 1
1169 981 1
841 378 2
1157 139 10
939 600 2
367 493 9
932 703 10
18 976 5
85 771 1
501 295 2
1075 1034 5
323 217 9
343 931 1
879 52 3
1138 582 2
989 498 1
192 857 10
914 936 3
976 329 7
204 1156 4
939 199 3
833 1105 6
101 833 3
973 941 2
229 269 6
848 936 2
319 479 5
852 1168 1
242 174 10
72 920 9
924 501 1
348 1123 2
331 550 9
947 1037 9
1138 930 7
951 44 9
508 1074 9
1112 758 2
41 610 9
887 1020 5
267 829 1
665 1176 5
1199 73 1
554 698 6
1100 912 2
1059 805 4
529 187 7
1066 1086 2
483 330 10
1008 637 4
354 1073 7
689 988 9
283 857 6
1166 105 6
533 944 9
42 1183 6
550 739 6
44 1130 9
1012 400 5
661 29 5
495 906 10
855 134 2
30 125 8
679 932 2
100 268 5
14 420 3
56 719 8
541 286 5
1115 727 4
231 343 5
126 1062 9
227 104 2
886 420 8
474 487 2
1136 1116 10
1049 168 8
935 1159 3
673 798 2
186 924 5
807 290 4
1018 44 10
675 1171 2
694 613 7
700 288 1
555 97 7
931 176 2
80 419 2
481 60 2
310 1060 10
438 68 4
1084 1098 10
391 1087 2
589 483 9
284 92 4
103 1152 8
926 621 6
1129 439 3
623 1180 9
669 991 4
873 183 3
80 536 5
518 634 9
873 953 7
1083 677 9
1027 1033 8
1186 891 6
1099 422 3
223 785 10
689 383 6
592 128 9
916 997 8
525 1182 8
1108 205 1
1194 252 6
305 554 9
1098 435 4
878 862 3
175 32 6
1017 697 7
708 185 6
413 628 4
670 212 7
613 685 7
1054 891 7
1173 1025 9
61 174 9
198 812 4
653 987 8
395 458 8
1124 270 6
36 852 4
269 164 6
692 1025 4
656 226 4
591 940 4
21 501 9
1118 216 6
867 757 5
98 1163 9
528 892 3
972 60 6
680 785 5
584 7 5
1030 940 8
313 353 7
698 825 7
1124 49 3
306 1109 4
162 786 6
936 214 2
401 268 9
379 778 6
790 513 8
973 793 9
136 1050 5
276 1152 10
195 681 10
1188 203 9
395 1105 6
640 262 7
934 1102 6
545 540 9
960 412 3
1139 89 10
1058 760 5
1162 626 1
955 821 7
1037 638 5
1053 483 8
1142 950 7
921 742 2
826 574 1
640 692 7
343 63 4
120 979 10
905 242 6
634 613 6
752 1114 9
504 891 8
435 409 6
708 272 9
256 279 7
59 513 4
453 407 4
396 860 8
1172 1102 6
1133 887 1
882 870 3
808 836 4
765 608 3
723 1057 10
1000 1072 5
345 1058 8
1136 256 8
493 4 9
912 369 1
510 1028 1
820 242 8
413 425 10
374 745 9
169 25 9
407 759 5
686 608 2
1130 998 5
129 596 1
518 538 2
472 1125 1
843 2 1
102 977 1
518 962 1
945 784 10
1174 959 3
686 1126 6
1035 531 9
1154 914 4
777 299 1
455 1181 10
1023 757 6
1185 33 2
611 524 10
870 862 1
1175 1075 4
1077 327 7
1020 132 9
894 103 2
1040 94 10
200 226 10
713 494 10
881 406 9
576 730 4
367 485 7
46 364 5
364 145 2
332 757 3
495 505 5
1039 458 6
1138 455 10
880 364 10
473 44 3
613 843 2
1170 591 9
154 860 5
928 895 3
117 713 6
733 12 2
1184 38 3
544 340 2
28 939 6
47 551 3
507 599 2
846 565 1
112 826 3
11 659 2
112 249 7
243 1106 1
529 561 6
167 420 7
798 953 8
1040 880 9
1044 464 5
924 528 1
1039 763 2
926 991 2
157 766 10
90 762 4
447 170 2
34 469 8
973 1153 8
810 305 1
873 992 10
1070 194 4
174 553 7
636 71 7
528 616 7
611 698 10
893 648 1
214 513 2
945 553 10
811 635 7
774 695 8
644 1048 9
362 869 3
292 613 3
28 385 3
875 420 10
125 81 7
613 749 9
159 756 2
285 612 7
424 901 4
115 979 9
282 199 4
507 620 10
1010 944 3
43 448 5
772 415 10
1121 131 5
1146 330 4
292 274 7
912 918 5
66 207 2
450 687 7
193 259 8
708 586 1
388 433 8
155 606 7
44 56 5
488 1021 2
491 828 7
565 88 5
955 793 8
88 211 7
653 736 4
531 1087 3
1137 1069 10
658 67 7
109 584 1
257 320 9
1021 1146 5
349 461 8
1171 751 8
1075 353 10
288 223 8
730 981 3
15 736 6
617 479 7
1084 562 4
603 1066 8
575 62 2
271 890 9
41 24 6
640 183 8
387 1177 10
297 387 1
932 1111 9
882 419 10
52 909 4
680 261 4
345 48 6
738 379 8
1185 1029 8
673 122 1
417 655 4
853 972 5
880 240 8
169 350 2
811 1012 5
102 1142 1
851 201 2
1109 919 6
367 457 1
37 62 2
372 5 1
746 742 7
3 263 2
408 113 5
48 60 10
1103 79 1
1094 813 10
790 1040 9
995 526 10
423 370 8
65 435 7
1108 350 8
720 215 5
301 23 10
1149 7 8
18 231 6
556 835 10
71 416 3
898 965 6
290 1075 6
221 1042 6
169 411 3
903 257 1
47 1052 8
111 1008 4
182 1118 4
332 964 7
934 948 8
1085 980 5
1096 413 3
1114 111 9
65 538 4
764 869 2
63 309 9
1150 899 10
950 1171 10
970 800 2
974 1117 7
904 308 7
1049 401 8
646 108 6
80 491 4
965 361 10
951 861 9
74 997 6
341 521 9
997 249 2
1067 91 3
418 531 1
1044 1046 8
243 749 5
266 814 9
1017 551 5
901 336 8
710 1127 10
707 386 5
1058 878 8
1086 981 9
79 938 6
750 970 6
325 110 1
878 315 5
752 1 1
124 62 9
1138 1137 10
385 157 6
544 35 6
705 217 6
899 214 3
317 859 1
402 72 6
941 859 8
174 1156 8
417 316 10
935 192 6
792 60 2
594 824 7
834 426 3
1012 826 2
124 761 3
656 349 1
625 38 9
855 474 4
31 457 9
737 382 2
250 452 1
724 900 1
443 531 9
906 1045 5
1054 112 2
548 756 7
358 967 7
708 351 2
702 227 2
1023 21 9
969 1107 2
481 296 6
789 562 3
678 254 7
250 1195 1
413 559 9
117 970 7
820 880 6
551 443 9
362 509 5
151 726 2
416 1066 9
945 955 6
1078 412 8
722 364 9
495 1172 4
966 347 9
881 937 10
842 380 2
66 1136 2
951 350 8
142 1063 3
1123 143 3
716 434 10
549 536 4
106 31 3
1079 521 4
685 202 3
645 630 7
729 413 6
1147 368 1
426 236 2
222 191 2
645 754 6
394 221 4
430 638 10
1124 749 10
888 873 9
948 1102 6
311 877 6
566 602 6
266 951 8
620 873 1
837 12 10
952 1090 6
893 1153 7
1093 429 3
656 268 8
437 177 4
419 199 6
995 1046 5
146 280 2
501 1031 5
146 0 4
868 187 6
51 898 7
1137 136 6
581 1124 10
349 282 8
198 1163 6
627 843 6
503 206 6
723 358 8
756 986 9
566 467 6
282 740 4
12 1181 6
298 230 1
956 610 2
752 462 9
609 344 9
580 567 8
597 194 9
100 110 1
449 357 1
1066 523 9
718 1191 1
534 48 8
473 646 10
1092 992 8
270 427 3
1132 428 6
861 246 1
149 923 4
356 722 2
743 658 5
378 1005 4
289 766 10
1176 916 4
129 673 8
1152 1078 5
1075 282 7
879 1059 2
650 496 1
8 887 6
973 1160 6
507 1099 3
38 523 6
795 381 7
447 472 1
771 1064 1
436 856 4
283 532 6
1105 430 5
1099 365 6
395 1085 6
205 1060 2
542 740 7
9 215 2
37 622 7
462 209 4
728 742 8
1177 232 7
88 57 1
732 529 1
652 1161 7
1150 71 7
606 1014 7
592 552 7
512 304 2
279 1036 1
558 401 2
214 1031 2
280 375 2
175 95 2
258 290 7
1013 1094 4
281 338 2
110 83 4
1128 87 8
921 371 9
399 278 10
570 1018 1
196 245 3
284 674 7
465 736 8
419 361 9
29 1082 2
228 426 3
1119 93 10
13 713 7
781 902 9
867 232 8
215 1027 9
204 143 2
325 7 9
261 440 6
725 438 4
595 1100 7
588 1154 3
877 498 10
680 155 4
718 40 2
866 601 9
1149 1144 1
1159 415 9
481 1062 1
8 611 10
578 11 4
672 40 1
586 69 5
1163 796 6
38 675 5
477 299 9
931 874 8
421 946 4
848 871 9
75 674 3
179 1143 7
432 369 3
374 745 9
871 189 3
126 1169 7
3 361 9
1030 1168 8
273 599 4
325 1005 1
381 275 7
689 426 3
858 972 1
1186 1080 1
163 881 5
973 142 4
814 1196 9
406 58 1
363 109 8
877 378 8
179 969 6
406 620 10
1150 101 6
241 468 3
158 685 6
64 158 7
787 607 1
535 357 4
21 283 8
343 1123 4
939 961 3
1178 121 8
21 467 6
830 502 7
597 1010 3
638 537 1
749 547 10
1197 375 5
902 813 7
315 299 1
970 44 7
582 775 2
141 455 10
77 1030 2
1069 105 5
598 646 1
886 623 9
1135 1048 4
690 733 2
502 210 2
142 109 10
724 637 8
764 338 10
927 57 4
988 227 10
599 1176 10
316 813 10
910 230 1
925 660 5
74 76 4
665 866 10
767 896 3
462 608 4
465 901 2
37 92 7
805 145 8
97 1150 3
40 429 9
297 186 10
560 56 10
460 780 10
795 716 5
542 697 10
86 660 7
49 711 3
24 371 9
557 983 4
473 790 6
276 927 7
106 1124 8
884 1112 6
167 532 9
1142 1186 6
982 603 7
288 881 7
987 665 4
197 1121 8
1153 315 8
332 541 5
488 616 5
997 1008 7
256 861 6
972 870 7
506 1071 4
846 971 5
60 664 10
510 810 10
1070 1030 7
369 473 4
291 1055 9
284 231 4
325 358 7
999 382 6
821 994 4
623 824 7
371 711 7
538 121 7
346 883 6
344 120 4
836 869 2
874 107 2
475 604 8
300 165 6
781 1113 5
734 631 3
1135 472 2
881 876 8
1081 257 9
707 680 4
1012 414 7
164 77 5
649 651 1
768 926 6
484 401 5
1010 559 3
103 621 7
1026 798 1
787 334 4
574 1093 1
402 703 6
264 355 7
412 924 2
522 404 5
1040 1192 3
1090 2 8
942 9 7
349 878 1
599 579 9
122 1065 1
75 423 8
1122 504 3
93 293 4
847 626 3
384 402 3
527 970 4
613 42 5
459 895 6
674 506 5
41 361 7
667 701 8
830 353 9
1045 517 4
413 1093 1
296 327 6
645 732 8
96 1036 2
807 591 2
870 437 5
425 1190 8
27 1119 4
563 1082 9
1004 719 8
782 884 5
535 1047 9
695 21 7
1067 703 4
129 889 8
812 967 4
1128 24 2
0 209 3
669 178 4
464 960 10
1159 914 9
494 543 9
754 792 6
685 1003 3
798 1049 1
361 170 8
7 14 2
138 350 8
666 386 3
469 144 8
369 148 4
76 249 1
277 411 3
927 216 8
119 157 3
78 1094 8
166 718 3
999 143 4
668 364 2
691 232 5
594 663 3
1036 318 10
111 989 9
716 65 8
1105 1081 2
670 1051 5
624 841 5
37 185 2
1157 6 4
884 826 5
1051 405 5
989 600 7
261 569 3
579 114 10
65 69 3
39 349 10
715 599 2
1100 664 10
468 925 3
585 310 2
765 181 9
519 454 5
103 978 7
187 332 1
451 741 1
242 611 4
246 141 5
885 533 6
471 105 3
261 593 4
1185 516 5
6 741 2
829 446 6
1193 1059 4
24 367 3
353 625 7
266 1053 4
863 815 3
171 760 5
1158 864 6
102 101 10
530 546 10
890 377 8
292 458 9
310 632 1
455 1102 5
9 492 7
818 155 7
353 1053 6
798 501 2
610 578 1
215 916 4
480 70 9
62 247 5
1011 99 1
1150 358 1
768 267 10
1186 984 10
22 1198 10
873 204 10
1150 714 6
789 911 7
645 555 7
486 530 10
392 688 5
1185 404 6
769 355 9
1154 1091 3
457 787 2
882 749 10
837 143 3
950 237 8
214 1121 4
428 81 2
1078 235 8
894 276 2
408 167 1
554 353 2
586 899 10
28 789 1
191 803 3
1155 655 10
178 326 1
763 551 2
841 19 2
957 153 3
1068 69 10
419 693 10
679 79 9
664 876 6
652 1130 7
651 895 5
578 827 9
479 437 5
466 1168 5
236 63 9
61 1124 8
1073 646 10
1119 580 5
1162 871 6
1064 975 10
502 1004 1
452 142 2
350 588 2
328 926 8
848 299 7
187 1053 9
765 805 8
1144 87 8
107 254 1
906 566 9
832 802 9
465 243 4
1019 589 7
1086 637 8
884 361 3
534 1145 7
6 994 1
486 795 3
235 970 3
1018 923 8
12 1069 8
685 1141 8
664 733 6
167 157 7
935 94 2
727 627 5
415 775 5
583 350 8
472 409 6
1136 272 10
697 390 1
894 331 5
93 1113 4
739 1046 2
1045 1144 3
112 989 8
495 385 3
1079 694 3
344 1075 8
996 475 6
416 68 8
280 728 6
1085 232 10
932 3 5
879 193 2
978 1053 9
1061 696 9
149 1137 1
179 716 1
67 116 9
428 991 10
145 67 8
460 288 4
933 837 6
253 1024 7
53 206 6
690 465 9
1093 978 10
672 873 9
888 1171 9
693 787 2
97 491 5
118 827 4
1046 273 1
785 465 2
101 509 3
584 870 9
306 838 3
147 695 1
563 1171 3
1094 553 5
1046 746 5
271 85 8
983 845 2
109 602 9
382 271 9
414 951 7
1013 943 1
208 783 7
992 576 6
1121 996 8
427 1082 1
512 180 9
342 1126 10
768 389 10
611 321 4
800 49 3
99 1067 7
233 404 2
465 147 8
353 720 5
463 235 1
999 915 5
1166 717 4
489 173 1
373 1002 9
353 999 2
1172 237 1
91 709 5
184 466 7
593 977 1
410 768 3
369 965 9
647 291 1
478 98 1
790 356 9
327 1063 6
833 1160 3
473 1016 3
594 67 2
66 38 10
943 100 9
818 971 2
123 425 2
258 1041 9
236 611 9
781 1162 1
1001 1136 10
624 682 5
685 894 7
1074 699 2
512 915 6
311 382 7
794 784 2
804 994 3
950 974 3
91 753 5
299 430 1
291 1147 7
930 1002 3
439 121 9
102 11 5
1179 860 8
728 807 8
230 1147 5
699 140 5
836 854 10
984 318 10
174 1162 10
912 536 4
437 666 9
508 923 2
5 1188 5
794 1152 2
522 253 10
1075 96 7
398 151 6
1125 724 5
645 926 3
459 1161 5
926 336 4
360 1008 6
878 96 9
743 369 1
1124 284 7
50 1168 3
720 115 3
316 94 9
450 22 6
32 1058 5
659 73 6
327 256 5
216 793 7
425 1169 4
1019 794 6
155 747 4
81 18 10
797 929 3
776 241 6
592 1020 9
522 417 9
405 293 5
810 37 10
484 624 5
588 180 5
1193 174 8
226 554 4
525 0 4
137 130 8
85 112 9
285 135 4
842 406 7
16 318 10
284 841 5
257 449 7
262 1172 9
430 270 4
775 32 3
417 262 6
1193 463 3
1081 987 10
1134 346 8
818 165 10
1148 1039 3
1032 186 5
237 399 4
796 1151 3
1009 842 1
1024 601 9
582 217 4
519 1074 6
1138 717 9
919 107 3
650 207 1
669 273 7
255 835 2
857 219 3
208 222 2
1067 516 1
954 470 5
1072 629 1
237 696 3
635 630 5
1053 310 1
402 726 3
392 507 7
35 292 6
395 1131 3
235 58 8
18 95 5
38 48 2
1034 928 5
129 942 6
504 295 6
194 527 3
932 1165 3
830 446 9
46 715 7
576 1030 1
235 924 8
52 834 10
1166 1056 4
995 1079 8
560 865 8
934 378 8
200 1086 8
1094 49 7
1041 583 7
121 1063 9
655 872 10
561 1070 6
1104 1153 8
1054 816 6
202 247 4
541 985 10
567 578 3
4 787 2
231 314 7
555 757 4
949 123 3
582 668 3
212 71 2
284 493 6
1130 801 1
292 479 4
363 203 4
294 1007 7
593 680 9
502 123 3
157 1138 7
140 835 10
943 660 10
833 441 9
254 102 5
522 452 3
395 744 1
409 307 2
357 490 3
461 877 6
588 822 10
1047 35 9
1057 39 6
326 3 10
513 1083 8
1091 529 10
419 1024 8
733 1028 4
358 6 3
1184 9 2
42 697 4
162 680 5
982 953 1
795 630 3
579 355 1
713 526 8
246 641 5
470 800 5
40 778 6
881 344 6
408 662 3
289 973 4
460 958 2
990 1083 6
1063 983 8
417 210 4
550 259 10
62 1047 9
1047 230 4
127 97 2
9 1165 9
986 939 8
136 322 1
88 635 2
631 1007 4
421 763 5
1002 114 5
356 967 2
287 950 8
909 740 8
954 369 9
883 44 4
148 53 10
1003 428 2
919 796 1
442 759 9
585 282 10
822 836 9
572 292 6
338 784 4
467 138 4
787 707 2
191 515 8
767 56 2
259 649 10
159 11 4
123 168 4
927 126 4
404 740 8
461 304 8
825 280 10
413 1154 9
489 848 1
436 1081 9
1134 541 5
114 885 9
660 710 8
267 875 3
476 1164 1
1191 371 6
443 423 5
879 365 7
140 715 10
871 775 8
305 26 4
850 180 7
267 216 6
628 63 3
697 15 7
236 64 5
172 1171 10
879 291 2
831 629 7
389 299 2
754 1098 2
418 1010 5
439 290 8
572 1025 6
994 658 10
962 351 8
735 803 5
839 837 3
1045 964 1
971 397 1
938 131 8
27 622 3
156 1037 10
1040 650 1
644 316 4
118 1178 8
445 736 8
1075 494 2
10 442 3
1197 5 7
962 890 4
957 1025 6
815 477 1
996 664 2
589 291 10
274 1156 1
609 348 5
241 413 1
434 807 3
89 540 1
1192 556 9
890 566 8
605 843 3
351 954 8
1148 757 4
490 701 4
1014 80 7
1003 813 5
1181 165 3
9 789 2
863 1113 5
279 1160 4
278 1153 6
885 237 6
174 167 4
538 637 10
888 290 3
811 854 1
628 298 7
242 433 3
351 557 10
1089 565 10
528 1113 3
243 156 10
40 1175 1
1140 503 1
263 842 9
1031 711 3
613 575 1
821 774 6
638 87 5
723 358 7
320 425 9
345 575 8
521 345 1
154 915 4
70 1012 5
940 1062 8
1091 821 7
1055 387 4
764 834 6
987 1053 7
502 70 1
175 229 1
20 799 4
749 17 2
670 1058 4
212 205 3
687 219 9
487 159 9
41 945 8
66 338 6
50 424 8
612 1124 7
1169 653 10
399 1066 3
408 1160 3
77 729 1
734 987 2
481 43 1
428 342 2
391 445 7
697 327 9
687 54 10
128 83 10
1038 833 8
305 181 8
374 1088 7
111 1128 3
350 372 8
401 930 2
208 1074 2
775 811 4
1022 222 8
287 1005 10
826 252 3
714 316 10
926 1084 9
959 496 8
305 454 5
1020 412 1
453 653 7
1182 1171 3
7 66 8
795 64 4
779 1078 2
886 509 7
987 985 8
746 959 2
110 216 4
832 618 9
484 1004 1
1015 691 6
928 454 4
477 116 10
977 1 3
1168 117 3
471 819 6
830 422 5
650 466 7
327 350 9
928 168 5
328 411 3
673 231 10
297 1074 2
715 539 2
843 788 2
892 426 10
247 997 3
1115 234 2
181 882 10
1035 92 9
1012 743 10
197 355 9
267 550 6
453 558 8
112 124 2
367 319 5
1096 548 2
480 22 10
63 371 1
844 166 6
252 266 7
1019 18 3
83 514 9
819 915 7
1109 325 2
112 518 9
549 1081 9
110 142 8
406 224 6
178 535 2
891 91 10
539 255 8
292 874 7
923 979 7
223 493 2
509 267 10
983 25 8
877 833 2
1015 379 5
703 614 7
162 934 4
319 466 5
600 587 8
492 653 3
425 656 5
673 56 3
1172 65 5
423 1186 10
557 563 7
294 782 4
1074 730 5
796 1153 7
301 143 6
789 425 10
135 538 6
297 31 1
397 412 7
147 1038 1
317 1119 7
869 802 8
862 243 4
1193 1141 5
447 892 7
594 501 9
567 680 1
1158 454 4
798 968 9
977 892 9
509 79 5
203 1134 5
1179 532 6
743 945 3
310 164 8
961 1165 6
76 879 10
200 901 10
1044 1048 5
394 727 2
151 40 3
429 998 5
1146 360 10
179 226 4
621 920 3
34 513 6
702 1027 10
102 596 9
388 683 6
67 670 4
736 1110 4
1154 1029 3
823 1098 7
404 348 9
1147 875 2
164 440 7
667 471 2
22 502 3
321 677 3
536 1067 3
300 1119 5
275 1164 4
653 722 8
62 877 10
1002 14 3
740 1109 9
399 914 1
6 756 4
616 90 2
1023 1100 9
584 691 6
1181 658 4
233 202 4
84 1150 7
334 665 7
90 770 10
39 390 8
140 691 6
1115 1108 10
1150 853 4
121 702 10
726 270 9
213 1128 6
828 560 3
318 500 8
818 746 9
673 220 8
1181 801 8
867 1022 9
414 802 9
91 691 6
909 369 5
292 763 9
902 866 7
0 191 1
193 1071 9
1145 784 3
438 549 3
1033 778 9
972 914 8
175 92 8
877 781 4
480 490 9
835 420 3
33 919 7
510 1114 3
1069 536 5
1090 1067 6
224 327 7
664 203 9
1108 855 6
1156 85 3
905 1036 1
690 146 9
1040 40 1
996 791 8
1062 1098 7
937 916 5
504 27 2
525 560 1
354 904 2
1075 694 5
297 855 10
952 903 5
365 925 3
1131 187 9
20 849 10
469 30 6
1166 324 9
36 1051 6
695 113 3
931 966 7
370 671 2
1199 299 10
802 1168 1
289 296 8
1139 314 1
1107 973 5
497 1173 7
983 1138 1
1020 558 3
917 225 5
947 798 9
280 942 10
99 854 9
13 252 7
209 526 3
967 664 1
1192 1157 1
548 563 3
974 631 6
97 750 10
1125 840 7
284 1169 4
837 546 5
529 365 6
538 424 2
308 1138 8
991 136 1
1108 532 9
453 1176 5
1134 844 8
1102 598 7
236 772 6
690 1155 4
967 390 9
188 177 7
589 1070 1
652 1123 2
58 921 1
246 1158 4
636 1141 10
994 1186 5
1062 169 5
785 1001 9
770 494 3
786 1061 3
983 956 1
1196 803 6
222 404 8
762 1009 10
1052 918 10
217 540 6
646 200 3
172 352 4
1040 209 6
658 545 8
755 545 1
826 961 6
998 1013 6
195 418 9
134 780 1
205 793 9
364 1104 1
502 968 5
40 525 3
313 211 4
875 648 4
761 703 1
1156 1 7
340 431 2
652 701 10
1134 33 5
1180 1106 7
887 216 10
492 734 1
720 902 1
1151 904 9
825 22 3
827 740 4
616 153 7
594 153 1
502 476 8
538 108 9
925 455 5
9 938 2
417 6 4
486 1034 5
164 87 1
1154 818 6
87 47 2
705 569 5
341 208 4
289 483 6
182 585 4
584 1003 7
124 25 3
921 816 5
1081 20 3
176 991 9
327 659 3
150 626 10
490 66 5
706 504 9
260 336 8
767 327 1
957 1143 1
877 453 8
1023 894 7
1044 736 4
44 906 7
201 1105 8
756 1162 4
1049 1040 1
710 1003 2
812 1123 2
969 154 10
354 777 1
340 737 2
1025 23 3
513 935 3
1197 475 4
18 1047 3
306 732 5
1191 298 4
44 1150 8
963 50 9
1173 1022 6
205 246 10
620 963 7
292 218 3
353 439 10
174 351 4
1096 397 3
923 236 10
545 1193 8
433 862 5
151 290 10
614 836 8
148 247 4
443 309 8
541 301 3
535 514 9
272 80 4
1183 720 2
159 690 9
915 150 5
291 955 8
1177 174 6
423 341 3
614 666 4
55 264 9
949 772 8
591 662 2
286 176 10
549 585 3
605 1178 7
651 316 3
1044 938 4
349 1197 4
884 775 2
1040 73 10
555 224 8
1013 537 10
355 659 5
1049 364 4
624 30 3
650 906 3
812 802 7
439 304 9
612 694 1
725 509 9
68 566 1
208 701 2
233 295 5
118 929 3
740 211 3
591 947 4
760 82 1
399 175 1
745 986 5
557 418 8
44 921 8
570 142 3
541 324 5
942 209 1
645 822 10
1013 1058 1
52 656 10
325 808 7
100 452 6
120 193 2
1160 587 6
601 98 1
605 627 6
387 132 6
750 637 6
614 330 10
82 463 8
1138 637 1
14 1008 7
839 125 2
1159 983 6
1170 621 2
810 349 10
627 369 8
157 75 9
962 1117 1
175 882 6
1051 755 6
85 791 4
627 936 5
91 304 6
452 1035 5
575 828 6
94 442 4
663 854 10
368 934 3
21 938 6
1152 362 10
496 7 9
355 1052 8
559 738 2
702 886 1
317 854 4
8 730 5
531 131 4
1112 768 10
61 342 5
1166 1012 6
396 431 3
772 367 3
102 386 5
1158 661 2
299 391 1
645 935 8
455 1174 4
402 75 8
903 737 3
626 904 10
411 301 5
542 329 4
853 313 3
52 795 8
687 6 6
239 69 10
1182 146 7
1090 307 4
759 176 10
298 437 1
890 537 9
656 232 3
882 1045 6
894 379 9
298 242 2
662 1080 2
1067 550 6
576 199 10
1098 479 10
820 1079 10
1026 1027 10
116 513 7
391 775 7
118 1194 4
305 399 9
1190 833 3
1140 706 1
703 667 1
330 258 2
690 761 6
988 1011 1
937 1000 2
1016 979 9
44 658 4
573 463 4
346 1037 1
369 546 7
675 738 3
325 617 10
134 557 4
1149 1086 8
967 1104 8
487 766 2
438 318 3
601 655 4
191 174 7
185 579 4
1040 11 1
1083 71 8
475 225 9
646 912 10
397 759 7
982 53 7
47 979 8
1030 68 1
449 796 7
993 1117 6
579 576 5
13 837 4
352 1036 5
909 195 1
508 88 8
277 567 3
882 359 7
1083 788 8
809 795 2
321 647 2
497 380 8
174 316 8
820 1094 6
4 82 1
381 54 1
205 705 7
792 820 7
991 82 7
594 648 10
220 490 5
10 1022 2
1064 253 9
831 1044 1
332 831 10
440 101 1
964 213 7
3 914 1
784 637 4
583 218 2
746 558 7
747 734 9
973 955 6
757 409 8
953 829 8
1051 1031 2
10 1182 8
463 957 3
696 738 9
646 763 7
518 592 4
406 1120 7
670 617 7
262 84 3
1196 407 9
878 947 3
691 1064 6
212 232 6
773 1017 1
648 1018 6
145 1125 8
1038 305 2
1028 802 8
457 555 7
548 189 7
486 712 10
896 438 10
519 386 2
559 879 9
929 1074 5
571 885 2
19 304 3
714 563 6
1092 643 9
1058 162 3
327 88 4
1162 220 3
355 998 6
112 804 8
886 577 3
871 1182 6
979 1183 7
710 201 1
572 542 7
525 925 9
337 131 3
1145 1193 10
814 275 2
4 312 2
724 767 3
141 937 2
1112 308 6
861 1072 4
990 187 1
474 45 8
538 755 2
1071 651 9
454 784 1
1158 864 5
640 772 1
143 124 8
449 660 2
549 796 9
837 1052 8
291 20 4
429 476 3
57 490 4
779 1165 4
749 761 2
844 1001 1
155 997 2
207 1035 10
1018 821 1
413 806 4
644 1025 4
1036 378 9
357 270 3
96 877 7
755 601 1
12 930 6
928 1046 6
344 565 6
68 551 2
46 622 8
1144 66 9
452 679 1
500 1005 4
837 642 4
976 973 4
19 847 5
918 851 2
514 1176 9
639 919 2
391 1137 2
942 1178 1
152 688 7
287 309 6
564 719 5
975 608 6
561 874 9
308 844 5
1062 667 8
758 769 2
299 919 10
527 97 9
800 361 4
1051 824 4
20 316 7
973 139 10
491 315 8
349 917 10
277 641 4
667 715 6
211 1164 4
193 154 7
892 1080 6
288 949 2
39 606 3
492 96 3
782 184 7
828 1055 3
1071 124 7
229 173 7
972 397 1
230 487 3
1015 508 8
561 438 1
543 1023 5
474 774 3
311 301 10
665 483 4
211 574 4
744 485 8
248 421 4
178 1122 9
1109 38 9
418 163 5
319 698 5
524 1086 4
947 614 9
643 555 3
1047 291 9
516 846 10
815 572 1
648 204 1
983 394 4
443 640 7
90 114 1
14 99 10
1091 417 10
245 1114 5
1175 1035 10
24 420 5
374 82 4
136 632 4
774 868 2
242 731 8
520 166 9
294 972 1
757 768 10
766 1130 4
867 271 8
185 1099 4
347 388 9
1124 91 6
695 519 1
411 467 5
641 1003 2
492 1087 5
827 66 8
478 1009 10
393 1128 10
480 1027 9
345 904 2
634 621 7
661 811 7
748 820 1
433 894 5
362 184 9
470 914 7
662 27 8
131 776 6
1086 755 10
431 853 2
273 348 5
992 580 9
1126 466 5
1073 978 10
964 525 9
227 1028 6
305 295 6
32 1085 9
540 1040 7
836 360 10
1063 705 10
1047 827 2
182 451 10
1019 106 4
222 595 2
153 1166 3
224 346 5
986 1043 4
833 740 8
80 1093 8
734 943 6
494 1144 9
229 935 2
764 154 8
868 670 10
1140 2 7
431 812 7
133 684 4
524 681 6
1148 1197 8
31 852 7
49 1194 9
859 1135 1
1166 1040 8
45 937 1
1075 591 7
19 720 1
438 10 7
274 832 5
35 1006 8
447 910 5
1165 562 9
82 634 9
1139 327 7
245 484 5
1086 654 10
757 966 4
268 801 1
397 15 8
66 830 6
561 1175 8
948 345 4
452 736 5
911 859 3
190 911 10
480 679 4
788 35 1
1070 804 8
420 142 7
822 430 2
865 105 4
814 598 5
627 17 4
135 559 4
809 980 9
1099 856 1
228 865 9
1129 204 9
223 838 9
737 860 1
1074 964 2
463 126 3
49 182 8
228 281 6
628 383 8
830 415 4
738 470 8
468 326 10
258 252 8
314 75 6
776 997 3
729 835 6
411 34 9
72 811 1
72 794 10
805 25 9
984 426 6
1167 141 3
637 555 8
146 168 2
616 707 3
988 610 9
744 291 5
1064 321 9
83 1042 5
733 794 1
916 518 7
513 1099 9
702 432 4
387 969 5
311 292 3
427 436 6
240 155 7
390 261 2
501 1122 2
592 2 4
57 1103 2
63 773 2
693 1144 6
1027 1129 5
711 795 7
679 395 4
928 988 6
170 949 8
372 56 8
89 491 2
475 916 1
896 333 10
402 1076 5
929 365 5
48 365 8
1021 153 4
658 23 9
805 495 9
1102 977 9
234 330 2
1076 229 7
828 1056 9
190 1123 2
430 1048 10
739 996 2
129 721 8
688 1057 5
537 1 3
1158 271 6
196 678 4
6 579 3
813 402 6
731 940 7
444 654 6
426 1109 6
960 565 6
855 415 3
41 597 2
967 899 10
850 673 10
360 441 8
1006 560 1
1004 749 3
487 989 2
975 1113 6
1147 763 10
175 564 3
835 262 1
26 264 9
951 121 8
356 589 2
507 1175 4
382 48 5
202 420 1
623 1112 1
96 198 3
487 884 9
1035 474 6
33 201 6
1108 371 5
1153 501 9
885 370 5
1195 809 4
503 625 2
345 126 4
137 831 5
859 983 9
106 498 4
407 863 1
869 829 3
673 940 7
701 66 6
750 1086 6
983 532 5
73 206 1
880 2 8
364 341 1
992 320 8
945 591 9
1037 856 1
1001 1117 8
515 333 9
796 259 1
578 1050 5
626 920 3
458 1140 6
344 115 8
97 409 4
918 392 2
229 482 7
686 392 10
315 284 6
48 762 10
803 37 7
749 214 10
115 1131 7
924 640 1
709 432 9
21 932 7
141 724 10
667 698 2
451 532 4
1072 358 9
437 408 1
1093 696 1
669 789 9
413 1191 5
51 425 9
452 399 5
807 663 6
622 207 1
538 491 6
1127 35 3
528 741 9
354 855 4
245 554 3
471 1097 9
362 897 3
825 427 1
550 245 8
1067 717 8
1029 83 6
723 282 7
236 51 5
791 281 6
431 98 9
737 92 7
1036 1166 5
443 871 1
447 1110 10
748 1058 9
1041 1058 5
172 442 9
1119 607 10
239 228 1
698 687 8
781 239 3
872 428 2
577 422 4
433 476 6
608 94 7
1089 1087 5
472 11 8
454 251 3
893 152 7
1088 977 7
641 819 1
1174 444 10
1064 1094 10
646 538 8
591 50 9
690 365 2
233 686 4
265 1176 4
730 812 3
507 348 4
160 851 2
98 62 1
999 1102 4
126 700 10
72 379 5
227 445 10
498 165 3
598 417 7
470 74 8
951 772 3
668 420 5
548 1176 2
989 705 3
173 231 10
272 157 1
823 359 7
615 632 5
289 708 3
1171 95 1
683 911 6
854 247 2
421 1179 6
860 1071 10
634 1037 3
814 1112 8
540 834 1
650 1036 5
127 826 8
118 26 7
396 832 7
102 1180 3
1014 1062 8
174 803 5
1007 290 6
220 505 5
580 352 8
1138 217 9
210 640 1
1162 114 1
465 603 7
1122 400 7
971 1020 8
726 1131 4
1132 1173 3
530 460 2
432 38 10
708 736 9
440 870 6
675 1113 4
1104 1173 2
1 570 2
381 1009 9
891 946 3
115 271 1
493 609 5
1135 767 7
851 1040 7
945 1175 1
732 146 7
657 1153 7
366 1073 4
660 69 1
634 582 2
460 520 5
450 885 4
256 308 6
818 338 1
464 449 5
707 519 5
622 479 4
909 961 7
924 241 10
615 466 5
735 865 2
1138 344 5
795 548 2
184 860 10
34 1002 5
651 710 9
291 867 10
813 290 5
395 384 3
793 938 7
233 997 10
958 394 2
1088 1147 3
790 1020 7
803 894 6
1103 275 6
458 308 10
550 565 2
511 411 8
329 993 4
458 187 1
1143 579 9
520 633 6
519 632 5
690 818 6
726 719 2
452 1117 10
620 559 4
435 217 10
1145 1068 1
520 491 6
76 848 6
171 744 4
136 1081 1
913 790 8
768 220 2
652 1037 9
114 1076 9
117 707 1
538 27 7
386 1160 3
28 225 10
32 183 2
130 528 9
987 1044 5
431 551 9
332 974 6
293 999 8
692 66 5
1013 421 4
1106 475 10
375 1038 1
155 663 6
464 546 1
1039 1105 10
796 895 5
42 933 4
420 286 4
67 1036 10
658 789 2
484 856 9
1038 52 1
450 831 5
229 711 8
60 420 6
495 621 9
938 1100 6
339 598 6
62 1109 1
940 692 3
125 1105 3
1148 479 4
70 840 9
922 1004 8
291 95 3
681 719 10
916 148 3
1181 133 1
279 633 3
504 1176 6
1030 939 4
517 462 3
456 931 8
940 875 9
415 411 9
455 638 8
289 1040 6
865 32 8
394 116 3
422 548 7
429 171 6
896 810 9
295 457 1
212 884 7
326 501 9
45 486 10
90 411 5
644 443 9
226 47 10
868 342 6
351 222 1
588 30 1
724 413 2
768 701 3
142 0 10
930 275 2
826 552 6
406 1001 2
1067 1047 8
317 36 2
334 694 9
491 1072 4
890 185 9
483 108 7
1112 921 1
913 258 7
680 161 5
243 98 2
75 316 4
780 56 5
95 860 4
666 727 5
666 991 3
475 4 3
1169 548 1
825 985 5
1142 885 5
316 725 10
1069 136 5
1040 848 3
687 661 4
928 826 7
612 70 4
313 639 3
193 824 7
697 601 2
1126 332 3
248 549 8
618 1027 9
251 213 8
943 1169 6
684 1194 1
791 497 6
89 597 6
228 1190 10
594 724 1
956 236 3
341 292 6
845 626 6
220 908 8
729 542 4
693 42 2
400 350 4
340 351 3
290 1147 1
258 731 9
1137 716 6
549 816 1
38 1125 10
1001 520 6
1067 328 6
444 779 6
1003 149 3
58 969 10
218 483 10
897 147 1
226 556 10
92 399 8
8 418 2
953 678 7
98 1150 4
24 1006 2
878 227 10
278 1061 10
63 807 1
954 58 9
1128 731 7
150 1050 6
257 705 6
958 2 10
800 609 4
448 842 2
926 932 4
876 543 9
720 989 1
86 65 6
887 1055 5
772 1049 4
531 535 8
943 79 7
207 1196 4
488 978 6
822 985 8
850 341 4
627 458 6
1029 397 7
844 276 10
184 1080 1
1166 875 8
366 1037 4
500 75 3
821 139 10
381 961 3
1144 623 8
988 99 6
104 593 6
666 443 8
7 868 9
457 456 4
1012 367 10
881 834 6
1151 620 1
1145 516 9
315 1014 1
1147 407 1
218 1110 1
453 345 3
650 815 1
925 208 3
16 38 2
644 339 3
151 1191 7
381 265 3
1043 413 6
225 371 7
935 526 2
1012 731 2
783 657 9
115 996 8
436 282 9
909 608 4
1133 1050 5
792 282 2
626 630 1
297 798 1
63 1177 1
25 649 6
543 245 7
131 964 3
1092 933 8
599 1192 3
534 756 1
441 477 9
686 365 9
133 337 10
166 933 4
424 294 10
8 531 1
656 20 7
1175 623 7
645 1135 2
354 446 3
659 293 9
8 973 8
908 377 2
396 970 2
1142 115 6
494 128 3
558 786 5
1034 979 5
416 801 5
856 211 8
823 320 8
672 394 4
151 791 9
335 164 6
695 249 6
180 428 8
635 471 2
710 318 1
941 399 8
999 675 4
1061 714 6
331 1101 6
421 675 6
116 391 3
687 12 5
1186 53 4
5 573 6
1180 245 5
1079 920 8
233 679 9
72 1033 4
1069 196 2
924 555 1
411 113 2
1003 137 6
1157 525 7
589 849 4
578 832 4
950 39 6
863 979 2
251 23 9
697 789 8
658 12 7
266 679 9
983 216 9
172 758 1
755 1133 6
319 382 2
649 187 7
861 129 1
829 186 5
1000 846 6
820 271 10
56 135 5
912 802 10
1102 226 8
1016 666 10
746 343 4
45 1050 2
830 333 8
555 996 9
466 1121 4
329 81 4
464 1118 3
646 1035 3
86 172 2
1182 734 8
900 1027 7
910 408 6
103 1165 7
1085 989 10
179 227 5
559 218 7
61 388 5
847 225 10
826 311 9
1116 343 9
129 125 5
294 628 7
768 1046 7
418 1138 3
934 876 3
422 266 8
730 233 3
1058 860 5
286 413 10
161 352 1
521 673 1
660 861 2
26 1087 10
1162 1040 10
614 649 7
490 233 8
509 98 1
382 178 9
564 717 3
328 877 9
1199 854 1
12 320 1
317 678 4
1124 1181 3
634 1198 1
778 210 3
656 178 7
431 225 1
45 382 8
852 280 8
728 898 8
498 671 5
172 531 4
813 819 2
150 95 6
459 922 10
212 678 6
1053 991 8
850 987 5
327 219 1
397 80 2
441 793 10
976 775 3
803 880 3
180 679 2
671 1022 5
249 676 5
226 699 6
466 248 8
1083 75 4
29 335 1
966 1015 4
256 557 4
969 1150 4
1067 141 8
126 1036 1
355 295 1
217 714 6
345 1011 4
427 945 9
643 578 10
715 393 1
81 778 2
878 550 3
898 829 5
482 863 1
163 325 8
1179 468 7
810 341 7
597 254 7
280 248 8
980 61 1
358 28 4
1021 168 2
675 968 8
759 128 7
228 432 5
780 154 10
1164 622 4
856 666 8
232 957 7
426 936 2
1165 456 8
810 240 3
714 728 4
168 411 8
1136 1150 2
458 589 3
370 626 2
1074 340 1
1049 640 4
480 149 1
818 385 3
582 601 4
1185 72 8
894 560 2
410 349 9
672 1199 5
900 1084 4
247 879 3
128 1172 6
323 839 3
863 86 7
205 185 1
990 75 5
900 968 5
273 36 2
238 798 9
148 1107 9
951 401 5
570 840 9
723 306 1
52 1183 1
666 445 5
1006 575 8
1003 976 4
1001 25 6
12 968 9
709 582 4
727 1074 6
1 374 8
662 102 2
875 733 8
86 176 4
116 716 1
160 541 8
265 226 1
279 67 3
1092 1134 8
481 1071 8
50 668 7
257 313 2
1160 755 8
973 1136 4
229 795 9
528 57 4
843 170 6
93 793 4
300 778 4
360 785 6
18 22 1
492 851 3
779 713 5
12 269 7
591 336 6
1169 153 10
75 569 10
250 947 5
25 954 6
1139 666 8
1129 787 9
897 608 10
701 42 10
800 539 4
236 943 3
1175 631 1
1178 932 1
409 800 6
303 1072 5
1112 136 4
60 797 8
1185 972 10
696 34 1
974 471 8
422 84 7
1102 224 2
391 11 7
48 321 5
85 635 9
1183 838 3
144 916 7
514 894 1
872 870 9
709 161 6
455 675 9
265 987 7
129 1134 5
37 875 6
177 314 1
634 544 1
1143 1000 10
329 749 10
859 744 7
360 32 2
827 200 3
282 59 1
598 150 8
68 691 5
435 316 1
1059 53 7
408 147 6
777 828 1
566 189 7
1095 747 1
877 106 9
733 358 1
268 634 5
437 475 5
673 1068 9
1167 677 2
925 387 5
732 76 1
687 630 8
881 122 1
149 672 8
522 538 3
875 758 5
947 883 1
64 166 3
151 222 4
993 17 2
499 179 2
668 17 1
700 1151 4
616 644 7
619 704 5
907 787 1
464 1098 9
455 984 6
87 762 3
932 453 1
1155 572 9
1081 893 3
737 817 5
126 319 2
1199 561 4
905 208 4
659 1082 9
796 366 3
934 141 2
876 527 10
1104 928 9
715 440 5
415 564 2
21 727 8
564 872 3
25 854 7
1037 1128 4
60 79 4
928 1047 3
973 116 2
63 158 3
304 929 5
1116 848 5
455 1108 10
1147 884 10
1002 606 5
10 781 5
659 896 10
1197 446 10
62 1005 8
644 497 6
820 760 8
623 55 5
1177 560 7
134 954 8
198 924 5
309 993 2
193 33 9
40 124 2
525 477 6
1020 940 2
1110 1157 5
710 999 7
1139 568 9
323 900 3
357 1103 5
505 514 8
1086 118 8
724 825 5
1185 997 5
255 472 5
534 157 3
1051 583 3
749 1003 7
1042 321 10
1020 419 4
795 876 7
858 75 5
220 438 1
1188 641 9
621 620 3
657 613 1
374 354 6
362 911 8
955 1007 7
1165 1057 2
270 1061 9
223 668 1
301 724 8
407 517 4
387 108 9
165 321 1
1018 162 5
800 144 4
790 206 6
917 282 4
157 865 1
400 1184 10
935 420 10
210 208 7
1164 729 10
335 275 8
534 789 5
1065 394 5
792 82 9
1133 442 1
555 271 5
84 928 6
66 914 1
903 243 1
802 856 8
500 260 9
686 574 10
953 775 3
309 118 5
985 625 6
435 29 9
503 221 1
514 1187 5
767 537 7
225 866 10
246 451 2
682 655 3
902 937 2
1020 124 9
977 117 5
933 74 3
675 926 8
296 804 10
357 839 7
422 193 1
1038 581 4
139 879 7
384 408 7
767 821 6
1065 447 3
229 378 10
701 86 2
826 592 7
169 295 3
672 711 8
357 1005 10
987 920 7
932 670 6
1035 478 8
118 138 3
971 1119 7
655 754 8
1188 1014 7
728 209 4
1058 951 4
427 1029 8
280 1075 6
112 931 10
187 345 4
1048 478 7
945 1179 4
659 170 9
1063 116 5
653 823 6
509 245 9
1010 150 8
704 851 10
853 54 3
1092 369 4
674 875 1
731 543 4
904 1133 7
999 460 10
902 567 4
47 392 3
321 642 4
718 881 6
450 954 2
719 1131 7
338 1113 6
953 737 9
332 664 2
371 168 2
344 236 8
468 244 9
846 1063 10
239 483 6
1048 487 2
260 1066 8
743 644 5
1149 708 5
1078 145 3
128 53 4
742 698 7
869 933 7
692 145 7
726 953 6
832 800 9
536 469 5
1156 534 4
1195 819 10
334 381 6
475 832 5
145 372 7
904 710 3
816 243 10
395 490 9
1193 670 3
227 225 1
685 362 8
230 842 3
568 531 7
440 211 1
599 846 1
480 472 4
761 407 7
752 971 5
975 993 8
656 496 3
826 841 9
97 547 5
74 566 5
886 475 4
1069 517 4
168 312 2
826 1189 10
43 455 7
370 80 8
705 1144 2
1199 829 1
1177 1084 6
1085 350 9
1121 827 7
398 248 4
506 292 8
696 640 1
210 613 3
98 274 2
166 1186 1
103 231 3
1096 868 7
547 443 6
1075 1023 1
194 1009 3
1063 890 7
1003 283 2
158 446 9
707 287 4
1070 79 2
713 87 2
212 800 1
669 543 8
1121 638 7
948 451 1
1042 495 4
1177 684 8
445 912 4
11 347 6
526 936 7
608 408 5
786 315 3
303 1051 2
388 1038 5
372 294 2
695 24 5
553 367 3
18 227 10
168 196 9
803 148 3
935 309 2
712 617 6
716 851 9
836 1082 9
16 1069 8
212 699 5
1 237 5
175 1188 2
940 769 5
841 1080 8
1151 43 6
1171 1169 5
1183 839 6
349 255 1
60 1110 1
132 1024 1
343 998 2
858 159 7
959 36 2
593 413 8
1074 950 1
192 122 6
1134 1064 2
411 990 4
460 898 2
198 615 2
825 1107 10
455 441 8
553 716 6
461 1060 10
1029 336 2
757 580 7
338 445 6
742 929 8
109 1165 1
910 216 1
1137 953 5
641 363 1
1017 373 6
244 262 1
153 381 7
982 562 1
184 304 3
66 406 1
1031 705 6
1065 780 5
77 269 6
579 869 2
87 196 8
1040 250 6
33 560 5
254 390 4
142 442 6
147 422 3
1145 1023 10
887 1087 4
555 884 5
1124 521 2
950 237 8
95 121 8
611 338 5
546 520 6
754 514 8
263 878 10
286 969 10
797 689 3
248 772 4
747 626 5
772 962 4
1127 17 4
425 726 2
348 758 2
898 929 7
215 893 7
962 416 1
1018 317 10
776 210 6
1167 491 2
1129 186 5
958 327 3
434 1057 1
1174 898 9
198 451 9
465 879 7
630 768 9
911 750 7
689 948 10
896 429 7
432 687 10
255 422 1
556 859 3
280 690 4
233 1164 8
756 918 8
57 531 2
179 276 6
55 201 1
305 104 2
25 563 4
510 629 10
229 781 10
154 609 2
1146 47 1
603 93 1
747 586 5
823 101 2
1009 134 5
21 735 1
85 208 6
353 169 9
322 317 3
297 5 2
106 238 5
874 994 6
1091 463 10
1027 939 1
579 105 7
105 214 4
1018 996 7
45 377 6
213 304 3
30 433 8
864 732 3
1018 785 6
1157 72 2
461 615 8
820 474 5
325 387 5
1069 1068 4
722 669 9
1046 277 3
823 44 3
1130 320 8
1175 1160 5
1135 383 4
107 942 8
702 148 2
1017 11 3
1 752 10
237 136 6
34 901 5
1149 756 9
1189 584 3
551 325 2
288 364 1
750 1017 8
154 1178 9
935 90 6
1120 765 10
590 32 5
574 774 9
701 571 3
255 936 4
882 429 10
1108 586 9
318 949 4
1138 1117 8
749 32 1
394 623 9
765 1106 7
260 916 6
186 1010 7
1060 305 10
884 722 1
1004 707 2
891 62 4
857 57 6
1116 39 7
1190 102 7
502 923 7
572 739 1
962 357 9
642 619 10
829 361 6
1082 1029 6
218 547 5
635 636 2
528 1075 6
1081 650 8
362 444 5
70 286 7
245 575 6
853 155 8
417 815 9
1019 134 9
29 491 3
1100 351 5
131 887 9
1139 387 7
1117 960 2
1046 794 8
738 925 1
371 505 6
257 871 7
419 529 5
359 375 4
486 694 1
227 280 9
56 328 5
576 225 6
697 1048 8
821 402 8
448 686 4
337 773 1
811 5 8
560 267 9
195 961 8
33 1000 8
779 966 8
144 1141 9
467 471 2
580 1121 9
500 717 10
719 670 2
683 347 9
729 1047 9
34 437 5
891 506 1
524 778 9
208 60 1
945 204 9
192 40 2
1072 121 7
493 437 5
1074 345 3
472 174 7
313 760 8
722 896 5
385 957 5
404 1089 1
1041 863 9
135 219 10
90 1046 7
763 812 7
17 524 10
356 49 5
830 950 10
331 367 9
260 850 5
341 729 1
1190 1106 1
92 907 9
776 1198 4
101 309 4
28 851 4
1079 859 5
539 1181 4
880 351 2
231 285 5
906 421 8
760 368 10
506 297 10
81 917 7
241 744 4
1020 677 10
805 368 4
696 787 2
1117 311 3
160 378 2
983 567 5
718 1039 5
142 527 6
964 510 8
636 482 1
358 147 7
818 122 6
949 532 9
203 30 4
10 1180 6
462 425 2
410 864 3
933 196 9
798 859 10
1083 20 6
284 72 3
292 131 1
697 550 3
309 176 1
744 278 10
356 1114 2
518 47 1
11 6 9
451 802 7
946 700 1
1096 388 4
517 704 10
1191 499 3
525 1119 7
908 226 1
661 27 3
805 528 3
484 359 2
865 883 1
803 396 4
580 463 10
1135 1016 8
796 267 5
381 500 10
199 0 3
678 265 2
1091 116 2
427 540 5
627 36 2
59 400 8
845 122 10
1137 858 1
329 552 9
259 1019 2
893 965 5
819 1055 2
1097 1132 10
1186 1006 4
41 735 6
828 827 7
764 443 1
1084 937 2
47 19 4
159 319 8
1094 144 10
433 429 3
805 315 9
1133 374 7
845 203 1
285 560 6
1147 803 1
677 540 9
261 802 8
183 333 7
980 485 5
977 373 3
361 1179 8
1038 639 4
306 158 5
1094 990 8
888 1116 4
473 421 9
466 576 4
862 536 2
242 392 9
633 679 3
306 242 3
1027 836 4
181 173 6
484 977 8
1123 582 3
918 760 6
301 419 9
337 276 2
260 856 6
946 786 9
458 919 4
991 365 1
1096 114 2
727 852 2
786 221 6
702 1176 6
300 290 5
422 695 1
1100 512 9
277 971 2
704 277 6
491 2 2
217 375 7
684 1166 7
99 54 2
312 841 10
1179 201 4
718 602 6
1036 920 3
231 28 9
166 829 4
1142 117 9
828 13 4
759 646 7
795 978 1
441 376 5
1109 919 3
317 1177 2
406 588 3
753 20 10
771 302 5
37 164 4
759 980 7
1004 556 5
385 698 8
696 1131 2
1172 637 1
783 1189 4
265 44 6
523 362 7
301 810 3
900 891 8
863 272 3
377 1048 7
1020 851 4
944 434 1
715 1165 10
457 874 10
371 795 2
1127 327 6
428 285 5
345 759 3
357 1118 9
107 197 1
287 906 6
9 290 6
513 536 7
56 1022 10
344 910 3
1101 210 7
429 718 4
902 524 9
30 537 7
1073 768 7
1023 1132 7
744 1056 5
469 337 2
151 1097 3
467 256 5
297 993 5
348 242 1
325 896 9
1044 332 3
404 1066 3
28 672 5
174 443 7
463 430 6
476 514 10
1121 88 9
1132 1144 6
210 569 4
390 619 10
817 666 4
956 779 1
800 1080 4
91 1138 10
899 1173 4
705 771 2
1132 788 6
36 1018 9
849 394 3
509 1114 7
1176 36 6
653 698 10
365 1177 1
771 475 4
346 539 7
1069 440 10
895 375 7
366 829 7
723 831 6
757 303 2
135 159 10
761 1057 7
1010 545 5
1171 206 9
967 528 4
1042 399 1
613 80 10
813 838 1
615 238 1
1114 35 2
1062 562 9
248 721 9
192 177 4
82 925 8
936 104 4
962 26 6
890 864 3
57 790 7
403 1134 5
1143 218 1
720 314 8
492 1088 9
684 424 2
810 130 4
177 301 2
190 583 9
85 558 8
927 458 9
30 459 3
1035 350 3
1173 643 1
275 276 6
309 844 6
1042 580 5
23 140 6
778 993 9
803 604 1
527 963 7
1124 358 10
34 1011 9
1116 1004 8
242 423 5
633 307 9
343 923 4
76 727 7
254 418 3
101 390 5
182 1017 4
395 882 4
1172 253 5
346 284 10
494 609 5
941 1172 4
959 503 2
171 89 4
561 855 8
244 1184 5
108 433 4
652 188 1
897 671 10
479 384 6
912 435 10
322 20 10
483 332 8
507 927 3
301 942 7
1104 554 7
1124 781 8
728 961 6
886 306 4
1002 930 9
21 79 1
786 842 7
1040 499 10
196 1112 7
685 391 4
598 48 10
735 687 7
376 519 5
1119 527 9
1156 99 6
1098 562 8
809 814 6
419 810 6
924 470 6
923 1006 6
1162 182 7
170 172 3
885 277 6
558 56 4
348 908 5
361 272 3
255 649 4
106 481 6
233 534 3
1009 983 4
980 1157 8
532 812 3
282 1167 3
1063 33 7
1001 90 9
533 510 9
825 609 9
1138 956 3
949 962 2
444 919 5
349 1179 5
135 154 8
0 25 10
1141 831 5
991 201 10
421 345 9
171 21 1
35 63 9
81 964 9
806 945 2
833 285 10
410 266 9
948 1060 6
153 406 4
998 1106 3
97 576 10
62 318 6
1097 203 9
433 651 3
187 978 8
416 178 7
617 644 1
1174 588 2
986 504 9
205 884 2
776 229 8
750 61 1
515 128 4
775 1032 6
557 1120 8
435 373 5
980 469 2
593 230 10
97 937 8
506 653 7
1192 1000 7
839 50 4
134 1168 10
311 353 3
417 1198 1
410 281 5
1128 261 2
422 962 1
979 878 2
985 157 2
430 709 5
545 931 9
1 612 6
610 350 10
761 273 1
501 1042 7
614 735 3
772 497 1
703 945 1
34 1017 5
921 1148 1
763 537 8
1190 172 6
657 1161 1
821 971 3
129 951 3
288 153 5
358 1109 7
589 377 2
583 1184 6
587 801 6
378 1135 8
411 373 4
1188 936 2
207 630 1
95 446 4
1020 483 3
1007 158 10
1053 68 3
296 36 7
851 1165 6
507 308 3
95 1176 1
843 221 8
1040 1098 5
500 836 8
7 420 5
1151 451 8
972 642 7
581 881 3
383 419 10
815 1032 8
481 197 6
1187 785 7
1169 713 9
507 579 1
611 498 6
1179 644 4
51 161 7
1070 945 8
192 1174 6
552 789 5
657 1092 5
79 1172 1
1089 288 1
896 444 4
605 759 10
539 84 3
753 968 1
1022 977 4
445 543 4
858 826 2
217 747 8
167 26 8
793 1027 4
519 438 2
1132 965 9
706 548 5
342 163 4
671 112 6
249 944 5
999 88 7
371 525 8
126 235 6
309 701 3
811 14 1
711 1076 3
47 858 9
371 657 8
1137 859 3
1086 9 3
532 668 3
9 995 8
41 1125 3
827 488 1
635 121 9
892 1075 2
354 695 2
184 237 5
431 1052 1
737 739 5
547 921 7
1065 20 9
253 550 6
189 1183 10
26 780 2
870 311 3
223 49 2
1027 489 8
638 679 6
1073 1074 3
507 67 2
760 1011 7
961 597 5
279 652 5
1144 858 4
191 1042 5
819 662 6
648 1008 4
1150 122 2
499 1199 7
1137 243 9
489 24 3
308 612 6
993 602 3
250 818 7
1070 895 9
120 535 6
895 209 2
893 444 5
518 980 7
928 709 2
641 23 5
778 1056 9
1110 943 4
691 1003 10
976 394 7
50 27 7
98 319 3
229 918 9
1139 587 8
349 798 10
953 1043 10
1188 243 7
994 1115 2
447 896 7
1030 658 2
1058 459 8
495 611 6
769 481 10
992 946 7
855 469 3
590 854 1
1094 531 2
305 35 6
821 798 10
1008 592 3
1022 3 5
1164 1187 1
355 1101 4
525 503 1
1099 405 5
692 17 7
1108 216 4
646 916 9
745 5 3
1056 707 6
104 418 5
737 369 10
938 920 3
592 743 7
407 439 7
0 908 1
62 1189 2
532 1171 4
292 444 6
438 1195 2
490 224 7
714 126 8
345 378 1
1147 407 2
540 599 7
662 991 1
390 300 3
711 12 8
373 341 7
1041 1168 4
993 202 9
289 1178 7
197 203 3
1161 503 10
1088 1001 6
1001 606 7
301 528 7
312 886 9
240 605 8
1097 529 1
936 571 6
742 693 3
355 722 8
795 611 10
83 737 5
297 739 8
845 709 6
1192 433 3
839 662 7
1127 973 9
582 1038 5
699 280 6
122 269 9
89 947 3
549 898 2
149 575 3
847 1186 1
334 402 8
726 784 8
896 620 5
100 735 10
294 1166 1
26 60 5
136 247 3
804 303 3
583 1099 7
560 564 9
54 38 3
616 982 6
129 229 7
1076 884 2
460 161 1
220 1029 6
115 69 1
260 306 9
728 104 10
1096 100 2
1040 1105 3
1086 289 2
590 977 4
232 1170 1
1150 789 1
285 890 7
1111 1069 8
1005 555 6
660 742 7
1015 985 4
68 425 4
205 91 10
1036 519 1
756 287 1
264 387 1
694 599 2
646 178 7
304 820 8
1106 610 9
858 1066 9
460 35 2
1008 1108 1
1188 351 6
262 565 4
1146 414 6
33 216 4
974 395 4
623 0 10
1095 930 8
465 549 10
586 326 8
691 892 4
918 506 8
754 1096 1
614 645 9
954 255 10
185 241 4
482 1136 8
393 623 5
208 29 1
630 818 7
567 657 8
926 614 1
1071 849 9
534 1159 9
277 568 5
55 1112 9
267 885 4
182 781 6
1145 413 7
1054 395 8
698 135 9
1175 41 7
789 559 9
474 431 8
570 265 5
1151 459 5
86 348 4
935 777 6
1172 1047 3
1033 537 4
851 724 3
684 892 6
440 393 7
424 879 2
1167 661 8
621 35 6
799 425 6
1067 361 1
47 597 10
1108 355 2
1183 683 5
645 794 8
114 72 6
613 256 6
694 30 9
1079 863 3
680 822 1
54 615 4
791 349 1
144 729 5
45 811 8
1110 596 3
694 288 10
754 478 10
833 840 8
885 221 6
9 242 1
1077 626 5
819 149 1
1100 248 3
1011 497 4
79 36 8
408 250 10
274 409 6
996 654 9
170 300 6
149 421 9
1028 419 9
589 1126 8
917 835 6
72 964 1
68 815 4
275 71 9
50 536 2
284 999 3
826 829 9
949 195 2
716 135 2
996 116 6
807 635 6
703 900 2
622 4 8
628 1142 9
570 284 3
491 121 3
189 412 6
799 98 9
70 600 10
826 581 6
681 429 1
980 730 10
1056 536 2
521 1079 3
713 9 7
662 296 6
1097 937 4
823 105 5
1050 318 8
515 196 6
1128 1171 4
538 1066 10
950 1104 2
96 943 10
836 1058 2
521 678 3
269 886 7
576 710 6
874 702 10
539 794 2
200 27 5
728 392 5
1000 206 3
715 424 8
960 1020 9
1100 997 8
988 444 10
486 646 5
1184 79 2
1065 109 1
913 569 5
734 138 3
979 509 9
381 938 8
206 200 5
1162 885 5
254 90 5
1183 580 9
1045 1044 4
211 775 9
99 165 2
654 1177 2
555 19 3
702 122 5
245 257 3
1072 741 7
923 1099 2
978 196 3
151 84 6
788 147 2
535 282 6
679 271 7
850 454 9
189 248 10
304 630 3
348 8 6
557 522 10
491 20 9
19 448 7
158 1023 4
952 382 1
566 290 7
70 337 3
1193 906 9
828 118 1
310 440 7
755 911 2
234 1031 9
1042 143 9
572 760 3
204 528 1
236 679 3
384 338 3
933 859 10
627 45 3
964 285 3
